ALM: 01 00 02/12/2023 00:07:54.000 Controller Memory Full
MSG: 01 03 02/12/2023 00:08:06.050 VTT Single Shot Aborted: System Activity
MSG: 01 04 02/12/2023 00:08:06.170 VTT Single Shot Aborted: System Activity
MSG: 01 01 02/12/2023 00:08:06.220 Node VTT Single Shot Fired
MSG: 01 01 02/12/2023 00:08:06.270 Node VTT Test Passed
TAG: 01 01 02/12/2023 00:08:06.270 3E7.0000001D01
TAG: 01 01 02/12/2023 00:08:06.450 3E7.0000001D01
