ALM: 01 00 10/08/2022 23:17:38.990 Controller Memory Full
MSG: 01 04 10/08/2022 23:17:51.020 Node VTT Single Shot Fired
MSG: 01 04 10/08/2022 23:17:51.060 Node VTT Test Passed
TAG: 01 04 10/08/2022 23:17:51.070 3E7.0000001D04
MSG: 01 01 10/08/2022 23:17:51.070 Node VTT Single Shot Fired
TAG: 01 01 10/08/2022 23:17:51.120 3E7.0000001D01
MSG: 01 01 10/08/2022 23:17:51.120 Node VTT Test Passed
MSG: 01 03 10/08/2022 23:17:51.120 VTT Single Shot Aborted: System Activity
