ALM: 01 00 11/13/2022 00:13:32.990 Controller Memory Full
MSG: 01 01 11/13/2022 00:13:45.040 Node VTT Single Shot Fired
MSG: 01 01 11/13/2022 00:13:45.090 Node VTT Test Passed
TAG: 01 01 11/13/2022 00:13:45.090 3E7.0000001D01
MSG: 01 03 11/13/2022 00:13:45.090 Node VTT Single Shot Fired
MSG: 01 03 11/13/2022 00:13:45.130 Node VTT Test Passed
TAG: 01 03 11/13/2022 00:13:45.130 3E7.0000001D03
MSG: 01 04 11/13/2022 00:13:45.140 VTT Single Shot Aborted: System Activity
