ALM: 01 00 10/15/2022 23:13:32.990 Controller Memory Full
MSG: 01 03 10/15/2022 23:13:45.030 VTT Single Shot Aborted: System Activity
MSG: 01 04 10/15/2022 23:13:45.140 Node VTT Single Shot Fired
MSG: 01 04 10/15/2022 23:13:45.180 Node VTT Test Passed
TAG: 01 04 10/15/2022 23:13:45.180 3E7.0000001D04
MSG: 01 01 10/15/2022 23:13:45.190 Node VTT Single Shot Fired
MSG: 01 01 10/15/2022 23:13:45.230 Node VTT Test Passed
TAG: 01 01 10/15/2022 23:13:45.230 3E7.0000001D01
