ALM: 01 00 12/04/2022 00:13:33.000 Controller Memory Full
MSG: 01 03 12/04/2022 00:13:45.050 Node VTT Single Shot Fired
MSG: 01 03 12/04/2022 00:13:45.100 Node VTT Test Passed
TAG: 01 03 12/04/2022 00:13:45.100 3E7.0000001D03
MSG: 01 04 12/04/2022 00:13:45.100 Node VTT Single Shot Fired
MSG: 01 04 12/04/2022 00:13:45.150 Node VTT Test Passed
TAG: 01 04 12/04/2022 00:13:45.150 3E7.0000001D04
MSG: 01 01 12/04/2022 00:13:45.150 Node VTT Single Shot Fired
MSG: 01 01 12/04/2022 00:13:45.200 Node VTT Test Passed
TAG: 01 01 12/04/2022 00:13:45.200 3E7.0000001D01
