ALM: 01 00 09/17/2022 23:17:38.990 Controller Memory Full
MSG: 01 04 09/17/2022 23:17:51.110 Node VTT Single Shot Fired
TAG: 01 04 09/17/2022 23:17:51.150 3E7.0000001D04
MSG: 01 04 09/17/2022 23:17:51.150 Node VTT Test Passed
MSG: 01 01 09/17/2022 23:17:51.160 Node VTT Single Shot Fired
MSG: 01 01 09/17/2022 23:17:51.200 Node VTT Test Passed
TAG: 01 01 09/17/2022 23:17:51.200 3E7.0000001D01
MSG: 01 03 09/17/2022 23:17:51.210 VTT Single Shot Aborted: System Activity
