ALM: 01 00 10/22/2022 23:13:32.990 Controller Memory Full
MSG: 01 04 10/22/2022 23:13:45.040 Node VTT Single Shot Fired
TAG: 01 04 10/22/2022 23:13:45.090 3E7.0000001D04
MSG: 01 04 10/22/2022 23:13:45.090 Node VTT Test Passed
MSG: 01 01 10/22/2022 23:13:45.090 Node VTT Single Shot Fired
TAG: 01 01 10/22/2022 23:13:45.140 3E7.0000001D01
MSG: 01 01 10/22/2022 23:13:45.140 Node VTT Test Passed
MSG: 01 03 10/22/2022 23:13:45.140 Node VTT Single Shot Fired
MSG: 01 03 10/22/2022 23:13:45.190 Node VTT Test Passed
TAG: 01 03 10/22/2022 23:13:45.200 3E7.0000001D03
TAG: 01 01 10/22/2022 23:13:45.260 3E7.0000001D01
