ALM: 01 00 09/03/2022 23:17:38.990 Controller Memory Full
MSG: 01 01 09/03/2022 23:17:51.010 Node VTT Single Shot Fired
MSG: 01 01 09/03/2022 23:17:51.050 Node VTT Test Passed
TAG: 01 01 09/03/2022 23:17:51.060 3E7.0000001D01
MSG: 01 03 09/03/2022 23:17:51.060 VTT Single Shot Aborted: System Activity
MSG: 01 04 09/03/2022 23:17:51.180 Node VTT Single Shot Fired
TAG: 01 04 09/03/2022 23:17:51.220 3E7.0000001D04
MSG: 01 04 09/03/2022 23:17:51.220 Node VTT Test Passed
