ALM: 01 00 11/05/2022 23:13:33.000 Controller Memory Full
MSG: 01 03 11/05/2022 23:13:45.020 Node VTT Single Shot Fired
MSG: 01 03 11/05/2022 23:13:45.060 Node VTT Test Passed
TAG: 01 03 11/05/2022 23:13:45.060 3E7.0000001D03
MSG: 01 04 11/05/2022 23:13:45.070 VTT Single Shot Aborted: System Activity
MSG: 01 01 11/05/2022 23:13:45.190 Node VTT Single Shot Fired
TAG: 01 01 11/05/2022 23:13:45.230 3E7.0000001D01
MSG: 01 01 11/05/2022 23:13:45.230 Node VTT Test Passed
