ALM: 01 00 11/27/2022 00:13:32.990 Controller Memory Full
MSG: 01 01 11/27/2022 00:13:45.060 Node VTT Single Shot Fired
MSG: 01 01 11/27/2022 00:13:45.100 Node VTT Test Passed
TAG: 01 01 11/27/2022 00:13:45.110 3E7.0000001D01
MSG: 01 03 11/27/2022 00:13:45.110 VTT Single Shot Aborted: System Activity
MSG: 01 04 11/27/2022 00:13:45.160 VTT Single Shot Aborted: System Activity
TAG: 01 01 11/27/2022 00:13:45.290 3E7.0000001D01
