MSG: 01 03 01/15/2023 00:09:26.050 Node VTT Single Shot Fired
MSG: 01 03 01/15/2023 00:09:26.090 Node VTT Test Passed
TAG: 01 03 01/15/2023 00:09:26.090 3E7.0000001D03
MSG: 01 04 01/15/2023 00:09:26.100 VTT Single Shot Aborted: System Activity
MSG: 01 01 01/15/2023 00:09:26.150 Node VTT Single Shot Fired
MSG: 01 01 01/15/2023 00:09:26.200 Node VTT Test Passed
TAG: 01 01 01/15/2023 00:09:26.200 3E7.0000001D01
